time,x,y,z,phi,theta,psi,x_velocity,y_velocity,z_velocity,phi_velocity,theta_velocity,psi_velocity,rotor_speed1,rotor_speed2,rotor_speed3,rotor_speed4
0.02,0.0,0.0,10.0004193784,2.56835154921e-07,1.31257124227e-05,0.0,0.0,0.0,0.0419378385573,-0.00071670796725,0.00512361443184,0.0,444.28596018673284,445.5441886700827,445.1943600201594,445.01843055162925
0.04,-2.99074273936e-08,5.85208520478e-10,10.0015746726,6.28318034141,0.000140318621417,0.0,-2.99074273936e-06,5.85208520478e-08,0.0735915841468,-0.00498556024617,0.012155060991,0.0,433.3816409750488,435.15064167467045,436.8622400908524,435.79330060384666
0.06,-4.76235354805e-07,-1.19227918129e-08,10.003839043,6.28312760554,0.000390973855315,0.0,-4.16420500018e-05,-1.30932088538e-06,0.152845451878,-0.0146783761462,0.016041965692,0.0,477.73292147936,478.62092015067225,480.15819376001264,477.94759080507015
0.08,-2.08927769599e-06,-1.53254745117e-07,10.0069294852,6.28284789468,0.000718798401341,0.0,-0.000119662184117,-1.28238744451e-05,0.156198769321,-0.0199427204484,0.0197796741309,0.0,407.10163768780046,408.10349180206526,407.8924954761819,406.47999025213664
0.1,-6.36126922732e-06,-1.29163861329e-06,10.010705194,6.28246343477,0.0011782748368,0.0,-0.000307536969016,-0.000101014512372,0.221372113326,-0.0145771825564,0.00847631597119,0.0,467.72887158827535,465.08087429975564,465.4475972987775,466.7054727452676
0.12000000000000001,-1.62956537277e-05,-5.629985272e-06,10.0163818076,6.28222122153,0.00136825701956,0.0,-0.000685901481024,-0.000332820153499,0.346289246211,-0.00464436689655,0.0148725435058,0.0,515.7720485095454,517.1251198565793,516.1093042511308,518.2079695888904
0.14,-3.29411602977e-05,-1.43491119992e-05,10.0234851566,6.2821378939,0.00167622315446,0.0,-0.000978649175971,-0.000539092519224,0.364045653354,-0.000271791767065,0.0102866379724,0.0,422.2323320706771,421.0438590518667,421.6713942966923,422.80296954841043
0.16,-5.6009931326e-05,-2.73153551383e-05,10.0308895806,6.28213266014,0.00188420573607,0.0,-0.00132822792686,-0.000757531794681,0.376396746124,-0.000907521778367,0.0124078744797,0.0,415.62350386726075,416.18066234346617,417.36036607702295,417.1939087018251
0.18,-8.71709669671e-05,-4.50338956921e-05,10.0388949877,6.28211597657,0.00213317520651,0.0,-0.00178787563726,-0.0010143222607,0.424143959751,0.000805294655351,0.0136822220384,0.0,450.8172197932105,451.1258483061128,449.91131498198973,450.3271061414175
0.19999999999999998,-0.000128152789006,-6.79392085597e-05,10.0478649366,6.28213744605,0.00242048915849,0.0,-0.00231030656658,-0.00127620902606,0.472850934753,0.00408052879843,0.0189108951426,0.0,452.10947962288117,453.3712308925691,449.7908342621157,450.58573043720384
0.21999999999999997,-0.00018051248634,-9.61273419767e-05,10.0579022284,6.28222333732,0.00282412458704,0.0,-0.00292566316684,-0.00154260431564,0.530878245151,0.00115454100571,0.0260407655052,0.0,459.1296108621533,460.82318114814785,460.39169850484404,459.6966827128284
0.23999999999999996,-0.000246085105284,-0.000129384022247,10.0690574438,6.2822509572,0.00336064380901,0.0,-0.00363159872762,-0.00178306371142,0.584643294248,-0.00185512934747,0.0316450338554,0.0,456.26685385414686,457.6070699256118,455.8133154863955,455.0912670216266
0.25999999999999995,-0.000325902945477,-0.000167043157298,10.0809265378,6.28222881776,0.00399445803522,0.0,-0.00435018529166,-0.00198284979366,0.602266101643,0.003615362587,0.0329967358217,0.0,421.85559613978916,422.2059701310186,421.31671427813365,422.73308880236203
0.27999999999999997,-0.000425538376608,-0.00020972486009,10.0941721499,6.28230269801,0.00467139664455,0.0,-0.00561335782137,-0.00228532048552,0.72229511687,0.00538905740204,0.0271651163389,0.0,513.0487543157819,511.8055581995106,513.6192957108898,513.9964076595968
0.3,-0.000549008118979,-0.000257547867871,10.1090541525,6.2824189519,0.00525436529183,0.0,-0.00673361641574,-0.00249698029255,0.765905142942,0.00127256770321,0.0182582290608,0.0,447.61251573729857,445.433155992449,448.1149921613003,447.1100382178129
0.32,-0.000693466578158,-0.000308914790613,10.1242727077,6.28245965862,0.00562020070913,0.0,-0.00771222950224,-0.00263971198168,0.75595037584,0.00679621998633,0.0194165347965,0.0,393.5538773336464,393.87532317601796,393.87886886505277,395.4081884627649
0.34,-0.000860497524471,-0.000363359927517,10.1397047522,6.28259812779,0.00600917879122,0.0,-0.00899086512904,-0.00280480170872,0.787254070272,0.0090522232146,0.020554415426,0.0,435.1878010215107,435.47337055150854,435.42765758918466,435.99329967559663
0.36000000000000004,-0.00105521986184,-0.000420912387629,10.1559681677,6.28277951862,0.00642091613828,0.0,-0.0104813686078,-0.00295044430249,0.839087480426,0.00988452629134,0.0194150835716,0.0,455.1048709781042,454.83122115823096,454.4203768175688,454.62033634900206
0.38000000000000006,-0.00128144853495,-0.000480970450251,10.1733733668,6.28297736793,0.00682827276496,0.0,-0.0121414987037,-0.00305536195972,0.901432433238,0.0104480486969,0.0132417610877,0.0,464.89717832439425,463.4439236800485,464.42786997572944,464.5603021477229
0.4000000000000001,-0.00153836852668,-0.0005425067938,10.1915034417,1.95727612269e-05,0.0070937479078,0.0,-0.0135505004694,-0.00309827239519,0.911575054136,0.0165391964838,0.0121104599879,0.0,415.38197070874463,415.0841705545066,414.09742162134387,415.70145225135377
0.4200000000000001,-0.00182184515328,-0.000604437889288,10.2095302906,0.000356065195612,0.00733864920843,0.0,-0.0147971621901,-0.00309483715358,0.891109831543,0.0131602899425,0.014430848262,0.0,382.86604022094895,383.52759505643087,383.67903192468015,382.7155103459116
0.4400000000000001,-0.00213648345403,-0.000665427647282,10.2279378788,0.000622747009534,0.00764707043076,0.0,-0.0166666678846,-0.00300413864585,0.949648987672,0.010523619666,0.00813731871312,0.0,460.8353362855534,459.3405745386023,462.20981480533106,461.5859632839958
0.46000000000000013,-0.00248703931577,-0.00072410800604,10.2472209323,0.000833996921011,0.00781434208298,0.0,-0.0183889182901,-0.00286389722992,0.978656364074,0.0117706306182,0.0111457328987,0.0,433.7734716238151,434.5305090678528,432.9720454521003,433.2865112243827
0.48000000000000015,-0.00287653997433,-0.000779067771544,10.2676117335,0.00108649758272,0.00803987702794,0.0,-0.0205611475657,-0.00263207932048,1.06042376338,0.0176166633498,0.00885650290328,0.0,481.64621504919546,481.1264655985695,481.2160274541532,482.54148318609504
0.5000000000000001,-0.00331121399638,-0.000828540435062,10.2897749076,0.00149312296909,0.00824829806479,0.0,-0.0229062546388,-0.0023151870313,1.15589363829,0.0280370394819,0.0167673788075,0.0,492.51951362087766,494.27131481085075,492.37268373863793,494.6796479421728
0.5200000000000001,-0.00379174331272,-0.000870788832332,10.3136468419,0.00212958977937,0.00859455260441,0.0,-0.0251466769959,-0.00190965269575,1.23129979354,0.0157304542005,0.0120968406227,0.0,476.1432123702904,475.07008340065875,478.67441408458285,475.8570339728582
0.5400000000000001,-0.00431087754141,-0.000904968051202,10.3381956709,0.00244573975598,0.00884197605764,0.0,-0.0267667458726,-0.00150826919118,1.2235831114,0.0139749527911,0.0154094350055,0.0,396.8416837323525,397.75265166979096,397.9518798553151,397.4694976798858
0.5600000000000002,-0.00486657516451,-0.000929501557829,10.3630080954,0.0027260894731,0.00915076913531,0.0,-0.0288030164379,-0.000945081471563,1.25765933714,0.0152793003692,0.0165088690069,0.0,438.38446714267906,438.65832268759897,439.39047874338473,439.71461732233496
0.5800000000000002,-0.00546436112473,-0.00094193161884,10.3885732463,0.00303855317756,0.00948350746227,0.0,-0.0309755795842,-0.000297924629516,1.29885574696,0.0115704738506,0.0187720291086,0.0,445.81991899630395,446.37417822763734,445.97599244361925,445.06626212470417
0.6000000000000002,-0.00611052918583,-0.000939350126156,10.4153989225,0.00329772871465,0.00992008048486,0.0,-0.0336412265257,0.000556073897845,1.38371188233,0.00411848618508,0.00771468400034,0.0,485.95228929023006,483.45952409238777,485.9671868595715,484.288594937687
0.6200000000000002,-0.00680461893927,-0.000921160368663,10.4432545525,0.00342853665821,0.0100787451689,0.0,-0.0357677488188,0.00126290185152,1.4018511091,0.0139610691648,0.00475799529542,0.0,424.6108882151387,423.8492136146934,422.66149154770903,425.1983919049201
0.6400000000000002,-0.0075450607486,-0.000887369498938,10.4718183495,0.00371171051845,0.0102150465193,0.0,-0.0382764321141,0.00211618512093,1.45452859411,0.0167726441476,-0.00431299632639,0.0,457.59345093398804,455.42213476667627,456.63782961535776,457.31000234672825
0.6600000000000003,-0.00833763295025,-0.000835220635232,10.5015939933,0.00404919324517,0.010133405271,0.0,-0.0409807880507,0.00309870124969,1.52303578637,0.0147577775205,-0.0073522982736,0.0,471.3279088957869,470.622851016696,471.3900159100255,470.9226313709273
0.6800000000000003,-0.00918117146677,-0.00076368891995,10.5324531003,0.00438430941217,0.00998647366851,0.0,-0.0433730636009,0.00405447027858,1.56287491507,0.00581790989345,-0.00783055139148,0.0,445.3053060702844,445.1880477079144,446.30298306068727,444.10868893595114
0.7000000000000003,-0.0100718202982,-0.000672421531605,10.5640700481,0.00457069627737,0.00989010802663,0.0,-0.0456918195389,0.00507226855592,1.59881986319,0.0176524920431,-0.0188073802542,0.0,442.42467334857963,439.70534920840186,440.8457341218626,443.76934050613676
0.7200000000000003,-0.0110060677004,-0.000561545467825,10.5961477305,0.00493028742348,0.00951563402548,0.0,-0.0477329206859,0.006015337822,1.60894837251,0.0140355028958,-0.0169778426413,0.0,416.5377077025346,417.01740724397376,417.2669588601177,416.31863239820774
0.7400000000000003,-0.0119827038917,-0.000429854335623,10.6286737519,0.00523901840966,0.00917807025968,0.0,-0.0499306984395,0.00715377539821,1.64365377613,0.0215216138039,-0.0149813021197,0.0,439.987488797742,440.48313046016335,440.1483790388382,442.00286599172364
0.7600000000000003,-0.0130010265639,-0.000275532220076,10.6617315109,0.00567090958245,0.00888049959341,0.0,-0.0519015687789,0.00827843615653,1.66212212378,0.0198134588234,-0.0129538031062,0.0,424.47021036568594,424.9919248801866,425.81778094321396,425.37924095706444
0.7800000000000004,-0.0140633561281,-9.44516231344e-05,10.6957472665,0.00608014942103,0.008633476191,0.0,-0.0543313876456,0.00982962353761,1.73945343707,0.0249067214539,-0.0178635199432,0.0,479.83258069061463,478.71333243420986,478.8401930797883,480.0009989218901
0.8000000000000004,-0.0151688393505,0.000115414547997,10.7307574296,0.00658622798797,0.00830802130138,0.0,-0.0562169345934,0.0111569935756,1.7615628634,0.0209207114553,-0.0098866146224,0.0,428.8291695237962,430.85707567940256,428.7060529487875,427.6889778228309
0.8200000000000004,-0.0163142409663,0.000355245485695,10.7665608878,0.00700489989595,0.00811241807525,0.0,-0.0583232269855,0.0128261001942,1.81878296615,0.0202028272287,-0.0119501389455,0.0,462.459757096757,461.97204978310833,461.61398618965916,461.4439926548167
0.8400000000000004,-0.0174981261387,0.000626801999855,10.8031207969,0.007419701326,0.00787493299107,0.0,-0.0600652902532,0.0143295512219,1.8372079376,0.0155671211392,-0.0136923758567,0.0,426.096119948266,425.64920057383205,426.1375451720723,424.947155349019
0.8600000000000004,-0.0187187364695,0.000931572233314,10.8403530378,0.00773154910424,0.00760499780102,0.0,-0.0619957428351,0.016147472124,1.88601615038,0.0165724623322,-0.0164896341894,0.0,454.854438964755,454.18205734717753,454.32449086004306,454.566124012415
0.8800000000000004,-0.0199801512042,0.00127636827704,10.8789369494,0.00807316726886,0.00727723829489,0.0,-0.0641457306327,0.0183321322481,1.97237500983,0.0210822113224,-0.0144731135933,0.0,487.8449902437833,488.2965742003511,486.99582714467095,488.0065625205145
0.9000000000000005,-0.0212786761486,0.00166031568691,10.9185658977,0.00854485370544,0.00705268995369,0.0,-0.0657067638022,0.0200626087398,1.99051982038,0.0310864314444,-0.0258673165636,0.0,427.3832310113272,424.46003139438955,424.78112412371263,427.34696567374283
0.9200000000000005,-0.0226116545987,0.00208438249189,10.9590842189,0.00922714783995,0.00654643674875,0.0,-0.0675910812112,0.0223440717572,2.06131230125,0.0420923848899,-0.0305775450781,0.0,474.88988494473836,473.80472929050313,473.74453537383266,476.27664832850263
0.9400000000000005,-0.0239794545166,0.00255376593157,11.000787075,0.0100705602543,0.00597116250005,0.0,-0.0691889105745,0.0245942722115,2.10897330861,0.0403233645272,-0.0390953679059,0.0,455.9254661823112,453.8790735268769,453.7511471012622,453.32584399916647
0.9600000000000005,-0.0253774093331,0.00306953561561,11.0433761553,0.0109064603387,0.00519661072197,0.0,-0.0706065710789,0.0269826961926,2.14993472245,0.04799575579,-0.0352598548933,0.0,448.4219468404536,449.35489616324287,446.6286184164823,448.5026879207119
0.9800000000000005,-0.0268015312289,0.00363432054831,11.086716995,0.0118664557785,0.00449178735137,0.0,-0.0718056185036,0.0294957970773,2.18414924591,0.0475949464279,-0.0361244094241,0.0,442.17621462527467,441.96195896892937,442.1523843211253,442.0547324814014
1.0000000000000004,-0.0282496480031,0.00425590312288,11.1311064434,0.0128203231638,0.00380175535336,0.0,-0.0730060589136,0.0326624603794,2.25479559704,0.0495791121274,-0.0441812314367,0.0,474.9547012820508,473.0969115943476,476.250125205817,476.70637276214484
1.0200000000000005,-0.029718552389,0.00493870709633,11.1765455398,0.013819331269,0.00292440908912,0.0,-0.0738843796768,0.0356179369653,2.28911404575,0.0534329057275,-0.047724778953,0.0,442.944886811557,442.06869988694365,442.2465891088157,443.19935548261765
1.0400000000000005,-0.0312033427951,0.00568453295452,11.2227874328,0.014889125978,0.00199159583936,0.0,-0.0745946609321,0.0389646488542,2.33507525572,0.0549406155813,-0.0411395941728,0.0,452.76478660895106,454.3500278203708,453.39166672551835,453.7567243167803
1.0600000000000005,-0.0327002141974,0.00650087650787,11.2700151913,0.0159942437945,0.00117183341962,0.0,-0.0750924792986,0.0426697064804,2.38770059072,0.0584918139441,-0.0436010830384,0.0,459.7460095006287,459.15973768289075,459.7808290138224,460.62597710247695
1.0800000000000005,-0.0342045784448,0.00738827018317,11.3179327639,0.0171735731119,0.000299990759685,0.0,-0.075343945442,0.0460696610498,2.4040566648,0.0541345123686,-0.0430027506373,0.0,425.8806371622682,426.03298204933446,426.6071652975509,425.4921043459854
1.1000000000000005,-0.035712226999,0.00835228537906,11.3665334942,0.0182566491479,6.28265110159,0.0,-0.075420909974,0.0503318585397,2.45601636459,0.0550129070698,-0.0358112750824,0.0,458.7262153187007,460.4352073368261,459.3632628209552,459.5740152402217
1.1200000000000006,-0.0372195030277,0.0093988605097,11.4158791702,0.0193612973367,6.28194165745,0.0,-0.0753066929,0.054325654524,2.47855123682,0.052049784613,-0.0394940358215,0.0,433.55355548174754,432.6237081519932,431.9140585121554,431.16584422406817
1.1400000000000006,-0.0387223967768,0.0105362434973,11.4661152772,0.0204023045198,6.28115630384,0.0,-0.0749826820138,0.0594126442333,2.54505946442,0.0522013820703,-0.0364850144408,0.0,472.3968093279693,473.0916707277762,472.9058477065743,472.9424508363649
1.1600000000000006,-0.0402174545122,0.0117709971036,11.5173333522,0.0214617303411,6.28049343645,0.0,-0.0745230915186,0.0640627164033,2.57674804124,0.0577508288613,-0.0249236212646,0.0,439.6359421723514,442.49975385902036,441.1551080290222,442.5294025874012
1.1800000000000006,-0.0417021287643,0.0130986288635,11.5690669336,0.0226571262519,6.27999853321,0.0,-0.0739443336899,0.0687004595797,2.59661009746,0.0667374114783,-0.022251849843,0.0,431.52923359815134,432.20517493977536,427.6360938224211,429.9288410067448
1.2000000000000006,-0.04317470346,0.0145177265864,11.6210268519,0.0239963280742,6.27956769581,0.0,-0.0733131358833,0.0732093127094,2.59938172674,0.0637529206584,-0.0275809383396,0.0,414.6102466357621,413.20319691672216,413.6567607863353,412.8712592298175
1.2200000000000006,-0.0446328412996,0.016036005219,11.6733062697,0.0252736716594,6.27902022639,0.0,-0.0725006480811,0.078618550552,2.6285600533,0.0658907569788,-0.0247001922283,0.0,439.3849842653147,440.1006680737086,438.7175209568211,439.25272272964315
1.2400000000000007,-0.0460731187887,0.0176676339988,11.7262596421,0.0266522922047,6.27859774184,0.0,-0.0715271008249,0.0845443274346,2.66677719204,0.0769184861824,-0.0366600667783,0.0,450.06694520192593,447.153515235862,446.0111632101068,448.7081419804361
1.2600000000000007,-0.0474922425189,0.0194250315946,11.7801281351,0.0282408364706,6.27788583629,0.0,-0.0703852721921,0.0911954321413,2.72007210113,0.0669010471546,-0.0431862876111,0.0,461.80076130989653,460.2532744619027,464.0792310838543,461.718809346273
1.2800000000000007,-0.048887685016,0.0213144517489,11.8348867372,0.0296061709809,6.27703823877,0.0,-0.0691589775183,0.0977465832862,2.755788115,0.0595100300146,-0.0488657662707,0.0,447.57930599416767,446.1894475140955,446.27313633400354,444.46294640970666
1.3000000000000007,-0.0502577523768,0.0233326853689,11.8901780481,0.0308099456084,6.27608418555,0.0,-0.0678477585682,0.104076778718,2.7733429757,0.0647204094946,-0.055686631138,0.0,429.68722627412944,427.9474198940872,428.62270746733606,429.95169976002575
1.3200000000000007,-0.051598339657,0.0254853728082,11.9459916072,0.032108046569,6.27497071846,0.0,-0.0662109694465,0.111191965215,2.80801292974,0.0620027742097,-0.0549578798956,0.0,446.3582637926996,446.5345629752002,444.76349132542583,444.09833938079043
1.3400000000000007,-0.0529045326467,0.0277797958655,12.0023874919,0.0334087141833,6.27388321901,0.0,-0.0644083295296,0.118250340513,2.83157553747,0.0730129631347,-0.0501291845999,0.0,434.5505252035296,435.76105516303335,433.7252593220318,436.4933892450392
1.3600000000000008,-0.0541727152395,0.0302166910839,12.0592080632,0.0348784443069,6.27288063612,0.0,-0.0624099297467,0.125439181323,2.85048160011,0.0686607542856,-0.0501691413219,0.0,431.3363191330817,431.32452964499316,430.8107080127148,429.7096299015495
1.3800000000000008,-0.0553999732273,0.0327964613862,12.1162902162,0.036252462075,6.27190501944,0.0,-0.0603158690299,0.132537848912,2.8577336925,0.0673937243946,-0.0576211400517,0.0,420.15986320651075,418.215388937268,419.98486696048224,419.65891886281673
1.4000000000000008,-0.0565791651426,0.0355344913725,12.1738893066,0.0376039163648,6.27075259706,0.0,-0.0576033225059,0.141265149712,2.90217535544,0.064717980821,-0.0575919207827,0.0,455.3990373643046,455.4038442873631,454.82947779323143,454.18942906300555
1.4200000000000008,-0.0577001721042,0.0384538247706,12.2324703063,0.0389306070755,6.26960149235,0.0,-0.0544973736512,0.150668190101,2.9559246082,0.0727592611105,-0.0588032855292,0.0,463.5998843211175,463.3121128244477,462.8605943336259,464.7581141520726
1.4400000000000008,-0.0587602861477,0.0415527730364,12.2918242186,0.0403884502414,6.26845532846,0.0,-0.0515140307018,0.159226636479,2.97946662707,0.075064881942,-0.0665365669433,0.0,437.4920098274125,435.55353644783014,435.15192689894906,435.7347804318661
1.4600000000000009,-0.0597517943939,0.044843685697,12.3520842063,0.041923924526,6.26712486226,0.0,-0.0476367939142,0.169864629585,3.04653214124,0.0667972769969,-0.0672647719459,0.0,475.30519099647336,475.13475296018845,477.4506036666624,475.5585493245935
1.4800000000000009,-0.0606686623242,0.0483346737197,12.4132866211,0.043260344675,6.2657795703,0.0,-0.0440499991197,0.179234172684,3.07370934291,0.0677715551607,-0.0671813372619,0.0,439.4557374539411,439.47304237315404,440.38006335739215,440.6251391878565
1.5000000000000009,-0.0615148864562,0.0520058507198,12.4747971549,0.0446258563275,6.26447818669,0.0,-0.0405724140817,0.187883527325,3.07734402823,0.0632814439582,-0.0579896965866,0.0,415.5708185534865,417.97727523074036,418.398442929017,417.22777970679397
1.520000000000001,-0.0622813379721,0.0558709051627,12.5367870101,0.0458941503404,6.26332404959,0.0,-0.0360727375009,0.198621916963,3.12164149284,0.0609727067428,-0.0546261155889,0.0,455.3668199890851,456.17107888693585,456.7134299681018,456.1634626876414
1.540000000000001,-0.0629575526551,0.0599479175549,12.5995351312,0.0471154291652,6.26224251008,0.0,-0.0315487308001,0.209079322253,3.15317062227,0.062883041765,-0.0499393682857,0.0,444.1668997937417,445.3165383185313,444.15673205012837,444.6291587348663
1.560000000000001,-0.0635493854514,0.0642175970073,12.6625052355,0.0483810936918,6.26128557484,0.0,-0.0276345488288,0.21788862299,3.14383980277,0.05888211904,-0.0407903653684,0.0,403.67550400412205,406.1429783506184,405.0422301420295,403.9645930737094
1.580000000000001,-0.0640570710341,0.0686748146382,12.7254742834,0.0495732439941,6.26048748923,0.0,-0.0231340094481,0.227833140097,3.15306498693,0.05349548346,-0.0348369311568,0.0,422.4667918449928,424.0030664863263,424.12543111764467,422.7378064698443
1.600000000000001,-0.0644641858992,0.0733528301417,12.7890199872,0.0506590813624,6.25980213694,0.0,-0.0175774770596,0.239968410261,3.20150539874,0.0478514247876,-0.0396090039914,0.0,460.5713888299063,459.43723327213246,461.40570700171577,460.0687759145019
1.620000000000001,-0.0647641434759,0.0782639595627,12.8532928862,0.0516797306978,6.25901193956,0.0,-0.0124182806117,0.251144531833,3.22578449927,0.0365712794312,-0.0376176746157,0.0,437.80067465492823,438.29664715123636,439.90086596036195,437.0910244919745
1.640000000000001,-0.0649498852228,0.0834206939081,12.9184347564,0.0524112899879,6.25832058627,0.0,-0.00615589407944,0.264528902708,3.28840252176,0.0370883896866,-0.0265722950018,0.0,472.0135292253211,474.5633123244217,473.5798247239744,473.69965656808273
1.660000000000001,-0.0650119248921,0.0888399664269,12.9846947563,0.0531786313528,6.25778914765,0.0,-4.80728515069e-05,0.277398349174,3.33759746373,0.0442401127147,-0.0264516123891,0.0,461.95854847781965,461.98697349137655,460.94476162891476,462.6377944489219
1.680000000000001,-0.0649526471662,0.0945140090961,13.0518541068,0.0540646585042,6.25726782636,0.0,0.00597584544713,0.290005917749,3.37833759199,0.0458052945733,-0.0225245382248,0.0,454.47389452850973,455.4170927423674,453.8706570799882,454.24843099666396
1.700000000000001,-0.064776663864,0.10043184575,13.1196350528,0.0549821469224,6.25683548763,0.0,0.0116224847698,0.301777747671,3.39975700194,0.0474681395656,-0.016499252027,0.0,435.9224000508243,437.4302746301255,436.5303334583157,436.94769347186167
1.720000000000001,-0.0644884308334,0.106583712528,13.1877825821,0.0559389240102,6.25651643322,0.0,0.0172008182891,0.313408930113,3.41499592732,0.0513189307848,-0.0118236497472,0.0,430.99536039420894,432.1793775060404,429.7750917973841,430.75461351345547
1.740000000000001,-0.0640895799245,0.112966806396,13.2561738549,0.0570377096551,6.25633272416,0.0,0.0226842726044,0.324900456629,3.42413136066,0.0633528020765,-0.0220963255006,0.0,426.6720606637832,424.03282770175576,423.29880045919845,426.39614772261035
1.7600000000000011,-0.0635770903991,0.119589595146,13.3248810963,0.0583192475819,6.25589090165,0.0,0.0285646799326,0.337378418411,3.44659277502,0.0579710021424,-0.0225523884716,0.0,438.1660636275074,438.05227427690915,438.6567707889233,437.3169077689579
1.7800000000000011,-0.0629499250377,0.126456404664,13.3938946884,0.0595125816366,6.25549584222,0.0,0.0341518562069,0.349302533393,3.4547664337,0.0497352250825,-0.0119704849875,0.0,422.7881299064744,425.51457934771196,425.72564755990385,423.6087158497385
1.8000000000000012,-0.0621991207124,0.133587928164,13.4634710881,0.0605146984176,6.25525850033,0.0,0.0409285763265,0.363849816592,3.50287353455,0.0458849577293,-0.0140041094221,0.0,462.46834634222597,461.9876694125279,462.3003596176935,461.39074046257514
1.8200000000000012,-0.061318955355,0.14099820537,13.5337680298,0.0614498389155,6.25498617855,0.0,0.0470879594096,0.377177903994,3.52682063623,0.051791114408,-0.0100644625632,0.0,438.6919640845206,439.6724085483884,440.15499700138906,441.6202410049787
1.8400000000000012,-0.060315423,0.148676167923,13.6045287859,0.0624957731486,6.25478616907,0.0,0.0532652760904,0.390618351301,3.54925497967,0.0562882123496,-0.0116643190848,0.0,439.0273118233532,438.62900755510947,438.167697866703,439.28967334146927
1.8600000000000012,-0.0591734627317,0.156656963683,13.6762454577,0.0636425576708,6.25457049247,0.0,0.0609307507439,0.407461224703,3.62241220107,0.0498043438819,-0.0175989267011,0.0,484.4577596885848,483.1173210762608,486.4046123253758,484.94752303463923
1.8800000000000012,-0.057894967094,0.1649391223,13.7488198422,0.0646402136261,6.25424108734,0.0,0.0669188130251,0.420754636997,3.63502624758,0.0480328599225,-0.0108797893418,0.0,429.86198467642487,431.56691646386827,429.60174283470747,429.1525069659943
1.9000000000000012,-0.056499752581,0.173480887569,13.8215176803,0.0656083051492,6.25404811981,0.0,0.0726026382746,0.433421889926,3.63475755975,0.0441768711761,-0.00386149163991,0.0,417.05279039378917,418.8879964401573,417.4983933064968,416.48936967064463
1.9200000000000013,-0.054971394296,0.182320813132,13.8948634824,0.0665450087426,6.25402469014,0.0,0.0802331902297,0.450570666361,3.69982265056,0.0338651138169,0.00651156637735,0.0,477.9667453984364,480.3326989508108,478.6722044404788,476.31310164437633
1.9400000000000013,-0.0533054394831,0.191471772769,13.9689946668,0.0672567338267,6.25415718537,0.0,0.0863622910527,0.464525297398,3.71329578998,0.0255677880144,0.0086394282058,0.0,431.5876529436958,432.12603268017494,432.16386276120875,430.06098919519576
1.9600000000000013,-0.0515232111586,0.20088933817,14.0431879706,0.0678330065007,6.25434075615,0.0,0.0918605414056,0.477231242615,3.70603458875,0.0369622527843,0.00399567604654,0.0,412.023629049654,410.7899195306395,409.2253618956452,412.2573418679054
1.9800000000000013,-0.0496283623831,0.210569142525,14.1173397946,0.068577863576,6.25444406278,0.0,0.0976243361389,0.4907491929,3.70914781027,0.0403124825292,0.0108357215552,0.0,421.2881832695483,423.0587886334093,420.2513646048253,421.1224203912062
2.0000000000000013,-0.0476145640592,0.220530015618,14.1916884095,0.0693841133903,6.25466142714,0.0,0.103755496247,0.505338116452,3.72571367979,0.0402943904591,0.0119758305825,0.0,434.53855378564884,434.82507660107575,434.48026439415287,434.4765927008316
2.0200000000000014,-0.0454682743556,0.230809464998,14.2667294693,0.0702084414638,6.25490095189,0.0,0.110873474115,0.522606821549,3.77839230351,0.0463673245604,0.0118482253325,0.0,468.5168546693685,468.48695778101023,466.95217570354964,468.3720743411866
2.0400000000000014,-0.0431966139144,0.241395674927,14.342246042,0.071147481908,6.2551442686,0.0,0.116292570008,0.536014171299,3.77326496614,0.0512034289928,0.00828390187176,0.0,413.9844333377574,413.04229220461366,413.4322945087096,414.7101699901635
2.0600000000000014,-0.0408053285868,0.252281480089,14.4180763712,0.0721818112271,6.25530994706,0.0,0.122835962756,0.552566344912,3.80976794994,0.0557334928477,0.0082548962673,0.0,453.6242387954801,453.6171306546845,453.4459389272861,454.53804651949787
2.0800000000000014,-0.0382856263168,0.263495374264,14.4945627789,0.0733038410032,6.25553764754,0.0,0.129134264237,0.568823072599,3.83887282591,0.0518968487111,0.0194444057663,0.0,445.58011323271353,448.3160382631739,447.98637067737883,447.05151427506183
2.1000000000000014,-0.0356348378031,0.275051832172,14.5718343554,0.0743447207192,6.25601641328,0.0,0.135944587139,0.586822718189,3.88828482409,0.054322850276,0.00603712248032,0.0,467.9547397188961,464.8129947502496,465.35691145108416,465.9278977800851
2.1200000000000014,-0.032854358563,0.28695623345,14.6498982446,0.0755682168187,6.25614993009,0.0,0.14210333687,0.603617409614,3.91810409642,0.0377675433367,0.00098254787869,0.0,448.91985377539413,447.6875460417503,450.72159751613594,446.6912951117283
2.1400000000000015,-0.0299545422876,0.299189402813,14.7284280222,0.0763237403128,6.25617465046,0.0,0.147878290667,0.619699526751,3.9348736565,0.0371799595349,-0.00220160268319,0.0,436.37458962865657,435.5763770563692,436.99600069564923,436.84973369107206
2.1600000000000015,-0.0269363613529,0.311754032252,14.8074008453,0.0770689488299,6.2561336351,0.0,0.153939802808,0.636763417124,3.96240865607,0.0389740199547,-0.0046579000181,0.0,447.73989605762824,447.13998702008087,445.8731797146139,446.3133453491911
2.1800000000000015,-0.0238128357737,0.324616114118,14.8863355772,0.0778518552115,6.25606736137,0.0,0.15841275511,0.649444769416,3.93106453033,0.0363563941155,-0.0119906026827,0.0,388.8559249056888,386.78957176871944,388.84255548239935,388.10711157678514
2.2000000000000015,-0.0205930090502,0.337752387524,14.9648908621,0.0786005359264,6.25582793064,0.0,0.163569917243,0.664182571254,3.92446396429,0.0429218845912,-0.0128639030024,0.0,414.6550097539802,414.42488243199205,411.93764146602217,413.6765601267318
2.2200000000000015,-0.0172549222813,0.351226873217,15.0438482271,0.0794686806989,6.25557447126,0.0,0.170238759644,0.683265998002,3.97127253172,0.0385157341803,-0.0156274818759,0.0,465.0754673154947,464.4257341498358,464.6057949666575,463.56912953621855
2.2400000000000015,-0.0137874033134,0.365071989334,15.1235769847,0.0802451220602,6.25526269044,0.0,0.176513137144,0.701245613726,4.00160322869,0.0420162134905,-0.0168674912865,0.0,449.38492081297244,449.0833560970969,449.811871469497,450.6622634702931
2.2600000000000016,-0.0101995395436,0.379261627103,15.2037034576,0.0810905775146,6.25492567524,0.0,0.182273239837,0.71771816314,4.01104406784,0.0452197067626,-0.0176855695879,0.0,430.4939281261798,430.2862646994253,429.54509223536724,430.36040590351473
2.2800000000000016,-0.00648774045379,0.393805451053,15.2843021005,0.0820007660728,6.25461279054,0.0,0.188906669145,0.736664231909,4.04882021991,0.0418154673529,-0.00864934353768,0.0,455.1096755712804,457.27452779632745,458.0863995580802,457.2746311105537
2.3000000000000016,-0.00263679248714,0.408746755853,15.3658565343,0.0828772442677,6.25447827759,0.0,0.196188127521,0.757466248098,4.1066231574,0.0507785971369,-0.0174213360625,0.0,476.57718451648344,474.5614807079776,473.752176302925,475.81615279871517
2.3200000000000016,0.00137910364727,0.424160997281,15.4492255336,0.0839437281215,6.25418678786,0.0,0.20540148592,0.783957894656,4.23027677227,0.0608693762006,-0.0280925114019,0.0,531.4380681048649,529.2392307625923,529.1833586515254,531.264356476727
2.3400000000000016,0.00556089949693,0.440052649324,15.5344042798,0.0851613341281,6.25362518953,0.0,0.212778099046,0.805207309629,4.28759784487,0.0615304097428,-0.0288022974362,0.0,476.5694209658144,476.40647315194275,475.6969473130171,475.8511608963426
2.3600000000000017,0.00987820236636,0.456333634525,15.6202758709,0.0864038105887,6.25305016326,0.0,0.218952187897,0.822891210545,4.29956127407,0.056658394623,-0.030230359721,0.0,434.8392446873454,434.479914336396,436.03610694579237,434.8160315953379
2.3800000000000017,0.01432409677,0.472982032656,15.7065157357,0.0875389962567,6.25247822801,0.0,0.22563725247,0.841948602519,4.32442519936,0.054649526491,-0.022146803359,0.0,446.1751876423512,448.15059675648615,447.8668418834287,447.3785281101106
2.4000000000000017,0.018898566389,0.489995841907,15.7930453161,0.0886444967337,6.25204154505,0.0,0.231809709422,0.859432322606,4.32853283836,0.0596515155263,-0.0256832155585,0.0,428.00796704092335,427.10394391430555,427.45647092580646,428.73559259072056
2.4200000000000017,0.02361982375,0.507425321211,15.8803750673,0.0898574330136,6.25157556827,0.0,0.240316026679,0.883515607731,4.40444229056,0.0659611857889,-0.0354492317451,0.0,494.9718789335269,492.81080865854375,491.48824915810695,492.8914051675463
2.4400000000000017,0.0284967653542,0.525295123605,15.9687278013,0.0912473382738,6.25088562859,0.0,0.247378133741,0.903464631723,4.43083110445,0.0778508068427,-0.0292775300712,0.0,449.3304675903477,450.8285921475981,448.0406296507795,450.934724276161
2.4600000000000017,0.0335201027856,0.543577139631,16.0577193908,0.0928043698395,6.25030229913,0.0,0.254955609399,0.924736970868,4.46832785029,0.078026470134,-0.0271698561259,0.0,460.1389844355522,460.6390993968222,460.08721934439166,460.1335406826755
2.4800000000000018,0.0386842073373,0.562253965826,16.1470928377,0.0943650676623,6.2498144229,0.0,0.261454845774,0.94294564862,4.46901683187,0.0786068495708,-0.0166322200289,0.0,424.62853830325963,427.3319706835189,425.74219299868867,425.89629664295745
2.5000000000000018,0.0439967923542,0.581347478042,16.2370026804,0.0959375087921,6.24949884373,0.0,0.269803655914,0.966405572997,4.52196743873,0.077826928596,-0.010790091489,0.0,473.8465477762308,475.1921993823126,474.53630473383413,474.3611538653284
2.520000000000002,0.0494804436435,0.600923447102,16.3280687771,0.0975193391727,6.24928774218,0.0,0.278561473023,0.991191333025,4.58464222956,0.070714712518,-0.0138561253076,0.0,482.8014765331907,482.1070642669626,485.2294519646425,483.6291658536054
2.540000000000002,0.0551301903838,0.620971594879,16.4201060916,0.0989588338368,6.24902000166,0.0,0.286413201,1.01362344461,4.61908922612,0.0778140665255,-0.0181878655162,0.0,459.67253433534177,458.6415803808351,457.9120614354748,459.607025223287
2.560000000000002,0.0609335415016,0.641459951186,16.5127142441,0.10053694402,6.24865636171,0.0,0.293921910781,1.03521218616,4.64172601958,0.0712066687549,-0.0186723391676,0.0,448.1982458868939,448.08015748792235,449.50196909386335,447.89730853619307
2.580000000000002,0.0669020362916,0.662424662358,16.6061830724,0.101965603012,6.24830461547,0.0,0.302927568222,1.06125893102,4.70515681166,0.0742151954798,-0.0252602886055,0.0,486.232237047882,484.7492840703225,484.6037462708926,485.2851986667574
2.600000000000002,0.073055760045,0.683926212407,16.7010399677,0.103460776337,6.2478089398,0.0,0.312444807119,1.08889607387,4.78053272388,0.0695527035305,-0.0208944875542,0.0,494.75083556494855,495.7142678022717,497.2127163610627,496.19048202425347
2.620000000000002,0.0793824714508,0.705929911879,16.7968782344,0.104851964478,6.24740511371,0.0,0.320226333459,1.11147387329,4.80329393966,0.0690348806601,-0.0155909690364,0.0,449.4085377960738,450.6965023463481,450.26562560733834,450.14352294395934
2.640000000000002,0.0858617634101,0.728376640697,16.8930621254,0.106235768234,6.24709449528,0.0,0.327702862468,1.13319900853,4.81509516033,0.0665424349016,-0.0140411622883,0.0,440.36865959066574,440.7532348863255,439.92672786270174,439.31073697179914
2.660000000000002,0.0925167539149,0.751335636181,16.9901846897,0.107576713236,6.24681439227,0.0,0.337796188017,1.16270053984,4.89716126922,0.0710360535408,-0.0128409650875,0.0,502.77783503430754,503.0387968425908,501.8812233330236,502.8615474004177
2.680000000000002,0.0993564758987,0.774835461157,17.0884587643,0.108997552906,6.24655791997,0.0,0.346176010359,1.18728195777,4.93024619115,0.0715230828853,-0.013674033679,0.0,461.0865384600554,460.88915488694914,460.6217999609164,460.7410190116683
2.700000000000002,0.106337739535,0.798751012974,17.1866715429,0.110428230825,6.2463019394,0.0,0.351950353224,1.20427322397,4.89103166715,0.0721807473013,-0.00775793617724,0.0,389.28048285933284,390.93814342152257,389.93857818892525,390.1275939076999
2.720000000000002,0.113463296024,0.823093401724,17.2848650191,0.11187290915,6.2461683763,0.0,0.360605295743,1.22996565097,4.92831596135,0.0736390882112,-0.0143299416808,0.0,465.6151401141248,464.0700449126416,464.4009260252034,464.7477842414679
2.740000000000002,0.120758704826,0.847942223773,17.3837085383,0.113348796557,6.24588517528,0.0,0.368935584488,1.25491655398,4.95603595601,0.0761313333681,-0.0117230984371,0.0,456.60944985232453,457.23311972702425,455.60039962493516,456.20194676063244
2.760000000000002,0.128210667041,0.873260905105,17.4828216818,0.114916922315,6.24565075181,0.0,0.376260636961,1.27695157915,4.95527838799,0.0665920366741,-0.012000548884,0.0,429.5669854527621,429.49650486356666,431.31776837743547,428.8984629905817
2.780000000000002,0.135798691558,0.898990010578,17.5816312381,0.116282937536,6.24541126542,0.0,0.382541814758,1.29595896818,4.92567725107,0.0748593805907,-0.0109762488916,0.0,401.5350689040489,401.81389867188204,398.7654838562847,401.0289643801196
2.800000000000002,0.143529790854,0.92515381405,17.6802968753,0.117803107448,6.24519354281,0.0,0.39056811483,1.32042137898,4.9408864651,0.0680796607987,-0.00907763551125,0.0,444.16422741659136,444.63130080027315,446.36475945374644,444.7059771804471
2.820000000000002,0.151415572589,0.951790513243,17.7791018232,0.119169603483,6.24503072247,0.0,0.39801005862,1.34324854034,4.93960832722,0.0649482653506,-0.0151984794238,0.0,430.3485775554643,428.79134316443555,429.58507521739216,428.7912987656289
2.840000000000002,0.159450348746,0.978885838672,17.8778769372,0.120470485183,6.24472861494,0.0,0.405467557118,1.36628400256,4.93790306753,0.0669060154693,-0.0132686802433,0.0,428.9147433733382,429.406313140319,428.62711479721565,429.1293089129894
2.860000000000002,0.167629602511,1.00642788111,17.976482094,0.121837619115,6.24447781195,0.0,0.412457819368,1.38792024084,4.9226126159,0.0745235771448,-0.0186669426004,0.0,416.3095668341051,414.88998070221606,414.5654843415869,416.5726584729655
2.880000000000002,0.175956737451,1.03442895391,18.0749767222,0.123329331735,6.24410771364,0.0,0.420255674609,1.41218703996,4.92685020194,0.0729480919482,-0.0161211470511,0.0,434.88192348848986,435.5213235324322,434.5283839275302,434.13640833328975
2.900000000000002,0.184442455824,1.06292418328,18.1736037005,0.124804074082,6.24378644343,0.0,0.42831616276,1.43733589634,4.9358476326,0.0785660112559,-0.0176395219931,0.0,439.3390953018839,438.96128823705754,439.0560938823767,440.4565529525574
2.920000000000002,0.193080036855,1.09189371853,18.2721585511,0.126393041407,6.24344795868,0.0,0.435441940347,1.4596176286,4.91963742462,0.0845069034348,-0.0122905617379,0.0,414.3877914440579,415.7962863243003,413.8528269648273,415.4242616791233
2.940000000000002,0.201873287703,1.12135142632,18.3707020368,0.128085552163,6.2432785231,0.0,0.443883144413,1.48615315119,4.9347111474,0.0866852913074,6.8698131231e-05,0.0,443.4757478296644,446.5114625874748,445.35725307079855,445.89736127332054
2.960000000000002,0.210841815451,1.15136283586,18.4696982322,0.129821813928,6.24331003373,0.0,0.452969630412,1.5149878024,4.96490839238,0.0889462374147,-0.00769489281723,0.0,459.2682584577423,457.416970897,460.51665155003786,461.0588450551731
2.980000000000002,0.219990177186,1.18194888672,18.5692529876,0.131621817146,6.24316608094,0.0,0.461866543116,1.54361728311,4.99056714071,0.095439075071,-0.00323505710284,0.0,454.6346451943363,455.70566011204187,455.59169398605275,457.15301302140756
3.000000000000002,0.229311246827,1.21309324853,18.6691833227,0.133569625936,6.24313578314,0.0,0.47024042091,1.57081889854,5.0024663717,0.104273925201,-0.0115300366486,0.0,444.67401988563256,442.6305577170228,441.7660845228807,443.9542925214191
3.0200000000000022,0.238788240742,1.2447470249,18.7690642321,0.135655683772,6.24291543469,0.0,0.477458970653,1.59455873827,4.98562457545,0.10535033752,-0.00700184039453,0.0,414.6001201065828,415.7922724134885,415.37806012617625,415.6715066738942
3.0400000000000023,0.248423217358,1.27692361914,18.8689331155,0.137775297716,6.24283839766,0.0,0.486038690884,1.62310068572,5.00126375588,0.110371730533,0.00422311207003,0.0,446.3076204884643,449.04820303682345,445.5988853004513,446.8384759068226
3.0600000000000023,0.258245758133,1.30972924934,18.9695024324,0.139993971459,6.24292629861,0.0,0.496215386625,1.6574623339,5.05566794016,0.115112855239,0.0016006277292,0.0,482.644435864441,482.0501317672587,481.6416646957893,482.72603581083035
3.0800000000000023,0.268242819053,1.34312788426,19.0704518244,0.142303613055,6.2429788147,0.0,0.503490705376,1.68240115821,5.03927126196,0.118955898726,0.00800430421066,0.0,415.85052886315924,417.5302102638761,416.1879518707602,417.20877986268283
3.1000000000000023,0.27841294732,1.377126898,19.1717537715,0.144691285257,6.24316759225,0.0,0.513522121301,1.71750021567,5.09092344248,0.123092135445,0.000429152179987,0.0,482.431520135641,480.71218973035894,478.8355487224845,479.7903070772955
3.1200000000000023,0.288766596566,1.41177386542,19.2736774067,0.147156921128,6.24320172428,0.0,0.521842803332,1.74719652643,5.10144008257,0.125846463948,-0.00671913231145,0.0,444.5554616706997,442.7944959488325,443.20039384019987,443.8928713747447
3.1400000000000023,0.299289859078,1.44703179457,19.3758920691,0.149674193271,6.24307603555,0.0,0.530483447884,1.77859638886,5.12002614901,0.125018377615,-0.0108890040264,0.0,450.8165139034067,449.80452937029844,452.64994420026795,452.4640567061191
3.1600000000000024,0.309965618491,1.48284656365,19.4779708401,0.152174562714,6.24285868751,0.0,0.537092493388,1.80288051911,5.08785095627,0.125079878628,-0.00995944055821,0.0,401.63959730015017,401.89260029514224,401.5729328481957,401.6057066162838
3.1800000000000024,0.320801835971,1.51925592716,19.5800898548,0.154708891968,6.24268872964,0.0,0.54652925466,1.83805583225,5.12405051401,0.133170821824,-0.00231340454861,0.0,466.48576334278624,468.27390651561126,467.12039566924085,469.02300891446953
3.2000000000000024,0.331807305861,1.55629900375,19.6824476193,0.157382487492,6.242644306,0.0,0.554017734287,1.86625182602,5.11172593264,0.13768282532,-0.000392749855955,0.0,421.7773461928177,422.27482333668337,421.9872163927964,423.17157575954144
3.2200000000000024,0.343003100135,1.59406724047,19.7855441195,0.160143674186,6.24265043803,0.0,0.565561693139,1.91057184647,5.19792408529,0.141563595145,-0.00568179974269,0.0,512.0793550093883,510.94927467283946,510.635291208473,511.4800697373835
3.2400000000000024,0.35440661963,1.63263865792,19.8898007829,0.162975279298,6.24254438642,0.0,0.574790256343,1.94656989881,5.22774225971,0.14074725007,-0.00957650987116,0.0,464.8640450292512,463.94753017451615,462.6310283630867,462.4559240682662
3.2600000000000025,0.365991544361,1.6719227759,19.9945706181,0.165792811295,6.2423528618,0.0,0.583702216788,1.9818418989,5.24924126355,0.138472609088,-0.00968210124816,0.0,456.755051894207,456.72991043099023,456.1448074391957,455.6173351905935
3.2800000000000025,0.377766882962,1.71196587064,20.1000536646,0.168644989008,6.24215954761,0.0,0.593831643267,2.02246757512,5.29906338254,0.125609830956,-0.0104918377522,0.0,482.6052894464724,482.42200461968594,483.2726601264219,480.3710197976623
3.3000000000000025,0.389716340335,1.7527100412,20.2058372156,0.1711636143,6.24195484971,0.0,0.601114094028,2.05194948063,5.27929171881,0.122024116848,-0.0136977266804,0.0,417.5597970051182,416.7198808445049,418.41547108978216,417.4931956328671
3.3200000000000025,0.401812625118,1.79405155239,20.3112445281,0.173606980735,6.24172003606,0.0,0.608514384341,2.08220163903,5.26143953075,0.124425824004,-0.00485002895,0.0,418.72464064778694,421.02797339715653,418.67332563151774,419.31431149064923
3.3400000000000025,0.414063365786,1.83602744368,20.4164376333,0.176104125167,6.24163251843,0.0,0.616559682431,2.11538748907,5.25787098812,0.12857984642,-0.00920501417393,0.0,434.55478275296605,433.45810624468413,432.5915141275964,433.65430394051583
3.3600000000000025,0.426497147897,1.878764321,20.5220792754,0.17868721395,6.24150924318,0.0,0.626818528706,2.15830024287,5.30629321767,0.123785713455,-0.0202345230806,0.0,483.03637310720194,480.5343770032303,482.2121250126681,481.13800394062844
3.3800000000000026,0.43912826111,1.92233092894,20.6284964823,0.181163205594,6.24111648278,0.0,0.636292792594,2.19836055202,5.3354274724,0.123040898446,-0.0153498405501,0.0,464.8825360304993,466.0296013582018,464.94467044740014,464.78271166680884
3.4000000000000026,0.451945859301,1.96668749656,20.7354047312,0.1836303442,6.2408435201,0.0,0.645467026489,2.23729620993,5.3553974238,0.119485441483,-0.0236001899156,0.0,457.9843093410805,456.01119753067655,457.8865287822028,457.050294782549
3.4200000000000026,0.464935568672,2.01177637867,20.842434112,0.186045936008,6.24040050875,0.0,0.653503910596,2.27159200071,5.34754064929,0.126680297784,-0.0159854077301,0.0,429.7298231338138,431.6622231523045,430.60480447393513,432.4405352494073
3.4400000000000026,0.478076869908,2.05751238991,20.9490765763,0.188615822784,6.24008410503,0.0,0.660626212973,2.30200912344,5.31670579003,0.118161985758,-0.0185561767142,0.0,407.5511433196083,406.8611532040893,409.95039134067156,407.68904957970636
3.4600000000000026,0.491378971751,2.1039383393,21.0555080279,0.191021024922,6.23971321001,0.0,0.669583971373,2.34058581547,5.32643936676,0.127323036252,-0.019232224996,0.0,448.36365631373997,448.1988823819756,446.66726002571124,448.91577962831553
3.4800000000000026,0.504859397112,2.15113359235,21.1620974337,0.193570750981,6.23933823335,0.0,0.678458564746,2.37893948938,5.33250121435,0.124767519165,-0.0236294604441,0.0,445.33252214737223,444.25201725493196,445.2114719251708,444.59842519207075
3.5000000000000027,0.518533361963,2.19916789081,21.2691492833,0.196096712877,6.23886574602,0.0,0.688937920294,2.42449035709,5.37268374455,0.116943004803,-0.0231780691386,0.0,475.7745040056389,475.878170961416,478.12961835400216,476.3506128397449
3.5200000000000027,0.532412179553,2.24809320078,21.376874237,0.198436556231,6.23841824516,0.0,0.698943838768,2.46804063992,5.3998116257,0.115540679523,-0.0288456125357,0.0,467.1501251325594,465.8221838588442,464.4509925185046,464.13248251927945
3.5400000000000027,0.546504106093,2.29794723358,21.4854032413,0.200757809885,6.23785305739,0.0,0.710248815209,2.51736263952,5.45308880319,0.110971201759,-0.0240032011496,0.0,488.2349095687769,489.3175906447059,489.9961302692405,488.98640281761567
3.5600000000000027,0.560821339029,2.34878347412,21.5949488895,0.203027760194,6.23739003874,0.0,0.721474478336,2.56626141437,5.50147601373,0.100918712148,-0.0298419300917,0.0,486.3959000655334,485.0820860545449,486.6161227076135,484.3627644485067
3.5800000000000027,0.575354032877,2.40055811596,21.7052435139,0.205128522339,6.23679396282,0.0,0.731794906472,2.61120276974,5.52798643303,0.0880822093484,-0.0310769889482,0.0,467.2863994994785,466.9971948736287,467.9567295438445,464.95715191859756
3.6000000000000028,0.590097727234,2.45325021802,21.8161361152,0.20689410027,6.23618014631,0.0,0.742574529216,2.65800743662,5.56127369658,0.0908871136444,-0.0271467805088,0.0,472.9208211476027,473.82802198930074,473.13258574191076,473.786030161254
3.6200000000000028,0.605036055254,2.5067843741,21.9272281106,0.208714984712,6.23565140316,0.0,0.751258272862,2.69540817116,5.54792583728,0.0933939719977,-0.0218190319783,0.0,429.7530614119668,431.1058049664989,429.3670996635325,430.0120315353263
3.640000000000003,0.620176549753,2.56118940176,22.0386186317,0.210641923095,6.23524644408,0.0,0.762791176987,2.74509459512,5.59112627458,0.104262177257,-0.0138916657242,0.0,482.2002073940771,483.99378434227066,481.33443234904695,483.80264862785856
3.660000000000003,0.635539668444,2.61655317973,22.150688849,0.212744930762,6.23499329704,0.0,0.773520692139,2.79128320139,5.61589545377,0.110222734605,-0.0209182257141,0.0,468.66967106731914,467.0282168645077,465.3902875526032,466.7969894091545
3.680000000000003,0.65110415215,2.67278474178,22.2629745533,0.214949896804,6.23457792352,0.0,0.782927678419,2.83187300423,5.61267497384,0.109211448235,-0.0184724144085,0.0,440.882667840062,441.48862534023345,441.3553097146724,441.1156251032951
3.700000000000003,0.666875848789,2.72991213895,22.3755621631,0.217186654807,6.23422802889,0.0,0.794241985539,2.88086671226,5.64608600786,0.119461232431,-0.0122188303505,0.0,474.105787914487,475.5453925611914,474.9142843946596,477.27704954374445
3.720000000000003,0.682857755398,2.78794997882,22.4884807684,0.219576043474,6.23399658006,0.0,0.803948675362,2.92291727512,5.64577452047,0.11888848793,-0.0173036659348,0.0,445.00769129740434,443.75710559807493,445.32003398842835,445.1922517027249
3.740000000000003,0.699053756469,2.84691954787,22.601779416,0.221958907583,6.23365853547,0.0,0.815651431706,2.97403962959,5.68409024868,0.122080462312,-0.0213108410437,0.0,481.3583584887541,480.4477008440371,480.06783716097885,480.8055705518264
3.760000000000003,0.715473067078,2.90686557098,22.7156163912,0.224401447156,6.23328972424,0.0,0.826279629193,3.02056268135,5.69960726362,0.120716404407,-0.0105958431109,0.0,459.108341580127,461.6523012914783,461.10805321524805,460.79749655188687
3.780000000000003,0.732116812481,2.967796301,22.8299793793,0.226887296106,6.2330806374,0.0,0.83809491115,3.07251032111,5.73669155217,0.132676409583,-0.0129749289609,0.0,480.39717086702564,479.8557035854713,479.84257480131254,482.5710958267767
3.800000000000003,0.748976210224,3.02967665669,22.9446725269,0.229549385175,6.23282487601,0.0,0.847844863087,3.11552524729,5.73262320661,0.13681425371,-0.0102409980604,0.0,442.2364198861036,442.91175432362576,443.4856479900523,444.5205154363569
3.820000000000003,0.766034544352,3.09243769005,23.05935026,0.232286727716,6.23262450128,0.0,0.857988549754,3.16057808916,5.73515010034,0.135359971988,-0.0132226855286,0.0,450.3674880530254,449.6433742544104,449.83520473656205,449.4987766830006
3.840000000000003,0.783310520059,3.15617031422,23.1743542457,0.23500415924,6.23237135062,0.0,0.869609020927,3.21268432738,5.76524847526,0.139883705823,-0.0179772726892,0.0,476.1743697180811,475.08186702963565,475.13860493778594,476.193701187107
3.860000000000003,0.800815101697,3.22093085899,23.2898755875,0.237806737447,6.23203688482,0.0,0.880849142825,3.2633701503,5.78688570244,0.14301550725,-0.0108949492922,0.0,467.8617385379807,469.51350118571963,468.1571810332794,468.9048686620824
3.880000000000003,0.818517456847,3.28658314404,23.4053016588,0.240670588312,6.23187002284,0.0,0.889386372208,3.30185835413,5.7557214307,0.14567660493,-0.000791780451575,0.0,416.3794306302775,419.0234586833527,418.2550920394566,418.9704175106539
3.900000000000003,0.836417063274,3.35313138562,23.520600082,0.243603837592,6.23190471927,0.0,0.900574270512,3.35296580388,5.7741208863,0.139396926412,-0.0108448437444,0.0,467.4626813686655,465.10612028550474,466.74276449372155,465.2886465777964
3.920000000000003,0.854529906913,3.42065879007,23.6360685385,0.246421855311,6.23177015114,0.0,0.91071009336,3.39977464168,5.7727247615,0.147153109925,0.00198704899092,0.0,446.45369653741926,449.58448922931785,447.24250895850344,449.15193339540104
3.940000000000003,0.872850023186,3.4891479303,23.7515894561,0.249368101764,6.23181662189,0.0,0.921301533924,3.44913938069,5.77936700113,0.144629519382,-0.00168167625926,0.0,456.607581482547,455.7284556210986,456.22003833722243,455.6347217656632
3.960000000000003,0.891378577019,3.55861431901,23.8671807411,0.252277243131,6.23178713176,0.0,0.931553849386,3.49749949103,5.77976149784,0.150382949515,-0.00456035510417,0.0,450.85814883577655,450.15973969079874,449.8586988612428,451.27369175561176
3.980000000000003,0.910113003694,3.62905711338,23.9827939727,0.255285523288,6.23182544221,0.0,0.941888818152,3.54677994554,5.78156166039,0.151497548997,0.0115342127854,0.0,450.26568123063527,454.1560459659263,452.0761938054496,452.3664452757269
4.000000000000003,0.929035669044,3.70040095103,24.0980968079,0.258326482572,6.23205770508,0.0,0.950377716817,3.58760381894,5.74872186079,0.156189734979,0.0133110679516,0.0,417.8123778735542,418.2768713409497,418.02052428578423,419.26883224678244
4.020000000000002,0.948122527412,3.77254011921,24.2126447411,0.261451348914,6.23232712318,0.0,0.958308119988,3.62631299953,5.70607145723,0.157653730947,0.0158396027211,0.0,406.75568411327333,407.4345312337777,408.76744455983237,409.18414432939016
4.040000000000002,0.967370982759,3.84547543588,24.3264045899,0.264604727244,6.23267672225,0.0,0.96653741477,3.66721866701,5.66991342166,0.158433104523,0.00773935386112,0.0,416.01734389579843,413.8834335882145,414.2027330224457,414.43389143401686
4.060000000000001,0.986803672456,3.91933838619,24.4398275696,0.267773456459,6.23283175797,0.0,0.976731554927,3.71907636452,5.67238455442,0.15806670406,0.00703416833263,0.0,453.0653251191265,452.8950450487309,452.97272120309634,452.9075907359319
4.080000000000001,1.00647834669,3.99444628256,24.5540347887,0.270940865078,6.23298619434,0.0,0.99073586833,3.79171327225,5.74833735389,0.161552256313,0.0122787851027,0.0,518.6628094104569,519.7667325743683,517.7401075480041,518.4951976479067
4.1000000000000005,1.02640807857,4.07088431098,24.6692884015,0.274201998245,6.2332686718,0.0,1.00223732006,3.85208957024,5.77702392042,0.16930958066,0.00368788821407,0.0,480.29811755105834,478.3389182388459,477.7017065722761,479.49613094122765
4.12,1.04655874961,4.14849131871,24.7849527191,0.277604070591,6.23334247383,0.0,1.01282978356,3.90861120277,5.78940784591,0.163673849411,0.00398545001015,0.0,464.2467581709838,464.31674067991486,465.88945833372145,464.5914344703541
4.14,1.06691868891,4.22722233133,24.9008173535,0.280902802699,6.23344240164,0.0,1.0231641465,3.96449005939,5.79705559525,0.156566793779,-0.00237360812309,0.0,461.18968789051206,459.67998775995375,462.2083696663933,460.5490834257538
4.159999999999999,1.08748073519,4.30705308167,25.016750073,0.28411122934,6.23340850649,0.0,1.03304048148,4.01858497386,5.79621634946,0.14414980819,0.00283734387332,0.0,452.50234570989056,453.75941261515436,455.1148410409465,452.1455006995773
4.179999999999999,1.10825692148,4.38806479657,25.1329842534,0.287030507471,6.23346605094,0.0,1.04457814802,4.08258651598,5.82720168758,0.135631361474,0.00410033506097,0.0,483.300123459058,483.58562142165783,484.04685000663494,482.13705068340926
4.199999999999998,1.1292422687,4.4702407886,25.2494240265,0.28975622755,6.23359520172,0.0,1.05395657402,4.13501268761,5.81677562245,0.130514165125,-0.00560987383094,0.0,446.5668665130761,444.18361450410634,445.930537333362,444.69139397466773
4.219999999999998,1.15043715084,4.55359793459,25.366084221,0.292376186586,6.23348405222,0.0,1.06553163966,4.20070191162,5.84924383063,0.126115135042,-0.00705761434073,0.0,485.07340099157017,484.74716318982155,486.86059718423365,485.8859951000148
4.2399999999999975,1.17183063724,4.63808228374,25.4827548848,0.29493464391,6.23334618458,0.0,1.07381699982,4.2477330026,5.81782255429,0.117611650631,-0.00449455324413,0.0,424.6554615261567,425.31481942797285,427.05658632122953,424.88970285011135
4.259999999999997,1.19340764186,4.72361343872,25.5991342459,0.297291996908,6.23325633426,0.0,1.08388346282,4.30538249595,5.82011355236,0.114411655181,-0.00478001669815,0.0,457.9318364771877,457.86377572532064,459.77336418828423,459.02388668879985
4.279999999999997,1.21519255049,4.81033924038,25.7156815888,0.299618465428,6.23317035768,0.0,1.0946073997,4.36719766992,5.83462073678,0.123156415542,-0.000392817464032,0.0,470.6457358949403,471.6636392336316,468.8446962223648,470.8899044598658
4.299999999999996,1.23718399022,4.89825778039,25.8323636293,0.302092285302,6.23317824504,0.0,1.10453657396,4.42465633084,5.83358331175,0.127780604603,-0.0060041826535,0.0,456.78518776026783,455.4404256087334,456.2630763668671,457.38283781337145
4.319999999999996,1.25939449689,4.98745172842,25.9494159402,0.304652659161,6.23305820208,0.0,1.11651409275,4.49473847222,5.87164778554,0.124694581995,-0.00628945019572,0.0,491.8323120690813,491.7690152051244,494.1026393305297,493.43261023558387
4.339999999999995,1.28182946032,5.07796082308,26.0669364382,0.307179370896,6.23295780981,0.0,1.12698225038,4.55617099388,5.88040200608,0.116592718616,0.000837503982291,0.0,466.1370905321531,467.80545704514583,468.01200992688774,466.1292473605214
4.359999999999995,1.30447358761,5.16970075093,26.1846239315,0.309516271616,6.23301582927,0.0,1.13743047871,4.61782179085,5.88834733009,0.113415818494,-0.00824758096848,0.0,467.7692417553216,465.64139104387624,467.261154259796,466.52884431117013
4.379999999999995,1.32730509657,5.26254779485,26.3020633379,0.311828351462,6.23285640179,0.0,1.14572041723,4.66688260198,5.85559330394,0.104060234491,-0.0115714744099,0.0,428.5439511695224,427.6953731567722,428.1368797067611,425.7535538259872
4.399999999999994,1.35031024666,5.35642535746,26.4189908778,0.313909818792,6.23262940383,0.0,1.1547945918,4.72087365821,5.83716068852,0.103335471577,-0.0145485635109,0.0,441.8761178355182,441.1391586956142,442.3974534897339,442.2278295061541
4.419999999999994,1.37351622327,5.45150124756,26.5359055813,0.315997384854,6.23234107521,0.0,1.16580306864,4.78671535212,5.85430966631,0.109794051947,-0.0122495853592,0.0,475.8463683832546,476.3742999619219,475.1547325161686,476.6466799215568
4.439999999999993,1.3969190112,5.54775115105,26.6527147911,0.318253819374,6.23211145018,0.0,1.17447572487,4.83827499659,5.82661131108,0.120798912776,-0.00670581787621,0.0,433.0139359002701,434.41129334214946,431.7642991177878,434.5524768633536
4.459999999999993,1.42050863575,5.6451148309,26.7692113021,0.320672237863,6.23197741153,0.0,1.18448672987,4.89809298842,5.82303979152,0.118589734643,-0.00710005174562,0.0,458.14563702994195,458.0516763647198,456.6321652432411,456.11577819556413
4.479999999999992,1.44428998886,5.74362502133,26.8854740819,0.323048232163,6.23184854924,0.0,1.19364858094,4.95292605456,5.80323817973,0.121487874179,-0.00197389494692,0.0,441.2443037590982,442.51251463685577,441.3446096031046,442.07455473819493
4.499999999999992,1.46826022915,5.84326885966,27.0014408231,0.325503457075,6.2318272412,0.0,1.20337544808,5.01145777868,5.79343594901,0.114351008072,-0.00800213858793,0.0,452.5570172374024,451.09865525915836,452.6229313774968,450.90915511612866
4.519999999999992,1.49240682796,5.94397395147,27.1168757765,0.327799326739,6.23168136265,0.0,1.21128443312,5.05905140252,5.75005938624,0.110143989558,-0.0133245858421,0.0,418.47253905533967,417.07999414011465,419.1716186713242,418.08560259779426
4.539999999999991,1.51672853795,6.04573801816,27.23175022,0.330009114774,6.2314150119,0.0,1.22088656541,5.11735526616,5.73738496094,0.113861043147,-0.01385555206,0.0,449.4385295198442,449.30949182897666,448.52180152468026,449.437354478139
4.559999999999991,1.54123993785,6.14865352213,27.3463188963,0.332366390624,6.23122251954,0.0,1.23025342461,5.17419513111,5.71948266976,0.126514500176,-0.000846425803559,0.0,442.1602114165496,445.3648349162874,443.2706969185815,446.3916357224828
4.57999999999999,1.56593507377,6.25268443667,27.4604576038,0.334898901688,6.23120834025,0.0,1.23926016739,5.22889632277,5.69438808385,0.128622134248,-0.00319130302631,0.0,437.5750653056302,436.98891130526357,437.1080185255715,437.6496347206707
4.59999999999999,1.59083624812,6.35797654432,27.5745644433,0.337473760337,6.23114657199,0.0,1.25085726787,5.30031444233,5.71629586506,0.130820298604,-0.00116260689525,0.0,482.1270735205765,482.58686130393426,482.44896245532965,482.96041552220527
4.6199999999999894,1.61598175933,6.46477984089,27.6893311523,0.340093226488,6.23112345685,0.0,1.26369385345,5.38001521475,5.76037503739,0.133294234426,-0.000639172056284,0.0,503.1948921721155,503.3086072301244,502.76803802653586,503.3191064176965
4.639999999999989,1.64133715294,6.57288249715,27.8041303593,0.342768410121,6.23111086642,0.0,1.27184550701,5.4302504115,5.71954565708,0.137606761425,-0.00126048592235,0.0,423.6497917837873,423.4894580579835,422.4567496481058,423.5885044400964
4.659999999999989,1.66686340891,6.68204369543,27.9182543988,0.34554339612,6.23111642887,0.0,1.28078009072,5.4858694162,5.69285829549,0.1308464699,-0.00910550618175,0.0,439.2980891800771,437.3416469354427,438.00855555718755,436.33605818971336
4.679999999999988,1.69259474236,6.79249286432,28.0323213827,0.348191455165,6.2309410851,0.0,1.29235325397,5.55904747314,5.71384009097,0.138736925808,-0.00542682582906,0.0,484.115978436643,484.94599907433036,481.97120714855066,483.7715822133248
4.699999999999988,1.71852668189,6.90420660388,28.1462456598,0.350966414397,6.23083510367,0.0,1.30084069933,5.61232648203,5.6785876268,0.138072523709,-0.00316625520153,0.0,429.8900774717076,430.4646138166353,429.90876801685016,429.75836671939373
4.719999999999987,1.74462369377,7.01695778414,28.2593779776,0.353782316443,6.23077197365,0.0,1.30886048851,5.66279154431,5.63464414869,0.127636856797,-0.00254161626465,0.0,420.0886246971253,420.25119920338534,423.1339955383783,420.4481831903643
4.739999999999987,1.77090744716,7.1308951335,28.3721009506,0.356343363716,6.23072124232,0.0,1.31951485036,5.73094339146,5.63765314743,0.131713653817,-0.00299105267026,0.0,467.6874006770135,467.58239787704883,467.5068530549753,468.4730507064287
4.7599999999999865,1.79739680913,7.24614943282,28.4847487038,0.359022866613,6.23067615524,0.0,1.32942134622,5.79448654088,5.62712217904,0.122202626481,0.00243738639939,0.0,454.6178037392988,455.92124385767033,456.58194905364144,454.3147015654183
4.779999999999986,1.82407734684,7.36263170089,28.5970604162,0.36147781204,6.23074309285,0.0,1.33863242521,5.85374026593,5.60404906064,0.117535100938,-0.003594176908,0.0,444.11361754538495,442.6264874774534,443.9138817625576,442.7765890248192
4.799999999999986,1.85096157727,7.48043450745,28.7092602888,0.363840751164,6.23069874453,0.0,1.34979061783,5.92654039026,5.61593819697,0.122482242778,-0.0110151221666,0.0,478.40007367999044,476.70152789847293,476.63234396318023,477.776892414786
4.819999999999985,1.8780398555,7.59949945503,28.8211783536,0.366300054508,6.23048684484,0.0,1.3580372051,5.97995436787,5.57586828799,0.12687735103,-0.00691566970696,0.0,426.2632240699606,427.31335477103,426.404562218592,427.5440587304184
4.839999999999985,1.90528775844,7.71966504914,28.9323722035,0.368840427002,6.2303865005,0.0,1.36675308859,6.03660504336,5.54351669816,0.124500178999,-0.0156299175133,0.0,435.37527605126996,433.1818835503413,435.67445012833036,435.0926430286658
4.859999999999984,1.93271253675,7.84098316614,29.0429614186,0.371330704633,6.23011367634,0.0,1.37572474273,6.09520665642,5.51540481675,0.125240517626,-0.0245489076351,0.0,440.62208692530174,438.4038956587619,438.8991279924361,439.09776319398253
4.879999999999984,1.96031321731,7.96344903637,29.1529180553,0.373837272117,6.22962611917,0.0,1.38434331306,6.15138036677,5.48025885145,0.127115154518,-0.0219331939065,0.0,432.0581294125281,432.71931813205094,431.7698408776986,432.25894348734755
4.8999999999999835,1.98810197856,8.08714261265,29.2624300414,0.376380330036,6.22919079067,0.0,1.39453281158,6.21797726123,5.47093975241,0.125886473764,-0.0245159759236,0.0,458.886939831547,458.27128653252925,458.0045621978549,457.72544133650905
4.919999999999983,2.01607537164,8.21203557653,29.3714108307,0.37890669897,6.22871439462,0.0,1.4028064966,6.27131912667,5.42713917926,0.121729682005,-0.019238956279,0.0,421.9883984232034,423.3530827598889,425.1915989034079,424.136804188273
4.939999999999983,2.04424175515,8.3381795043,29.4799714055,0.381346094987,6.22834220158,0.0,1.41383185435,6.34307365053,5.42891830177,0.118630528212,-0.0142217692523,0.0,468.70505086665594,469.8737563597711,469.82383912934387,469.11476554094156
4.959999999999982,2.07261132933,8.46563946844,29.5882613169,0.383719612111,6.2281191876,0.0,1.42312556396,6.40292276342,5.40007283836,0.11728400706,-0.0253052169559,0.0,440.6062517996233,437.84793516308713,440.47140895532607,440.14990747196885
4.979999999999982,2.10115571325,8.59422141196,29.695781847,0.38606705816,6.22761784631,0.0,1.43131282852,6.45527158801,5.35198017677,0.115404694275,-0.0222187813511,0.0,419.46197367754684,420.2654142574605,419.99622694618495,419.52002041445047
4.999999999999981,2.12989032832,8.72402647065,29.8027687226,0.388377075515,6.22718790767,0.0,1.44214867778,6.52523428143,5.3467073755,0.117366055351,-0.0168453290517,0.0,462.26922345359094,463.538123841334,463.4309815376222,463.9046688595192
5.019999999999981,2.15886901515,8.85541278201,29.9100872716,0.390771943374,6.22685106284,0.0,1.45572000506,6.61339685432,5.38514753232,0.127117645175,-0.0171967495929,0.0,504.8112353566732,504.73525731191495,503.054723679332,505.1797123340751
